Symbol,Timestamp,Date,Open,High,Low,Close,Volume,MA_High,MA_Volume,P_Anomaly,V_Anomaly,PrePump
FIROBTC,1613224800000,2021-02-13 15:00:00,0.00013170,0.00013230,0.00013160,0.00013230,203.39000000,0.0001335,11337.75916666667,False,False,False
FIROBTC,1613221200000,2021-02-13 14:00:00,0.00013100,0.00013210,0.00013060,0.00013150,10053.53000000,0.00013328333333333334,11629.971666666666,False,False,False
FIROBTC,1613217600000,2021-02-13 13:00:00,0.00013030,0.00013170,0.00012950,0.00013080,4540.02000000,0.0001331333333333333,11214.199166666667,False,False,False
FIROBTC,1613214000000,2021-02-13 12:00:00,0.00013450,0.00013470,0.00012770,0.00013030,18166.55000000,0.00013301666666666663,11599.095833333333,False,False,False
FIROBTC,1613210400000,2021-02-13 11:00:00,0.00013800,0.00013880,0.00013220,0.00013370,16586.70000000,0.00013251666666666667,10404.3375,False,False,False
FIROBTC,1613206800000,2021-02-13 10:00:00,0.00013100,0.00013920,0.00013050,0.00013790,23530.08000000,0.00013175,9584.056666666667,False,False,False
FIROBTC,1613203200000,2021-02-13 09:00:00,0.00013180,0.00013250,0.00012880,0.00013010,17885.10000000,0.000130825,7811.6325,False,False,False
FIROBTC,1613199600000,2021-02-13 08:00:00,0.00012970,0.00013360,0.00012860,0.00013210,10520.76000000,0.00013057500000000002,6784.454166666667,False,False,False
FIROBTC,1613196000000,2021-02-13 07:00:00,0.00013010,0.00013150,0.00012910,0.00013010,2959.08000000,0.00013034166666666669,6366.100833333334,False,False,False
FIROBTC,1613192400000,2021-02-13 06:00:00,0.00013030,0.00013120,0.00012920,0.00013020,10874.85000000,0.0001304,9225.3675,False,False,False
FIROBTC,1613188800000,2021-02-13 05:00:00,0.00012970,0.00013330,0.00012950,0.00013040,8834.70000000,0.00013000000000000004,8589.523333333333,False,False,False
FIROBTC,1613185200000,2021-02-13 04:00:00,0.00012820,0.00013110,0.00012730,0.00013010,11898.35000000,0.0001294,9243.138333333334,False,False,False
FIROBTC,1613181600000,2021-02-13 03:00:00,0.00012920,0.00012970,0.00012770,0.00012870,3709.94000000,0.00012883333333333337,8775.455,False,False,False
FIROBTC,1613178000000,2021-02-13 02:00:00,0.00013030,0.00013030,0.00012740,0.00012920,5064.26000000,0.000128375,8988.753333333334,False,False,False
FIROBTC,1613174400000,2021-02-13 01:00:00,0.00012770,0.00013030,0.00012760,0.00013030,9158.78000000,0.00012790000000000002,8759.335000000001,False,False,False
FIROBTC,1613170800000,2021-02-13 00:00:00,0.00012770,0.00012870,0.00012690,0.00012710,3829.45000000,0.00012744166666666667,8221.994166666667,False,False,False
FIROBTC,1613167200000,2021-02-12 23:00:00,0.00012680,0.00012960,0.00012640,0.00012740,6743.33000000,0.00012721666666666665,8469.909166666668,False,False,False
FIROBTC,1613163600000,2021-02-12 22:00:00,0.00012690,0.00012810,0.00012660,0.00012810,2260.99000000,0.00012683333333333332,8527.099166666669,False,False,False
FIROBTC,1613160000000,2021-02-12 21:00:00,0.00012940,0.00012950,0.00012690,0.00012690,5558.96000000,0.00012655833333333335,8842.4675,False,False,False
FIROBTC,1613156400000,2021-02-12 20:00:00,0.00012980,0.00013080,0.00012800,0.00012920,5500.52000000,0.00012612500000000002,8876.264166666666,False,False,False
FIROBTC,1613152800000,2021-02-12 19:00:00,0.00012480,0.00013220,0.00012480,0.00012920,37270.28000000,0.00012571666666666667,8847.4775,False,False,False
FIROBTC,1613149200000,2021-02-12 18:00:00,0.00012460,0.00012640,0.00012370,0.00012480,3244.72000000,0.00012515,6441.803333333334,False,False,False
FIROBTC,1613145600000,2021-02-12 17:00:00,0.00012370,0.00012610,0.00012110,0.00012460,16678.08000000,0.00012486666666666668,6487.2108333333335,False,False,False
FIROBTC,1613142000000,2021-02-12 16:00:00,0.00012210,0.00012430,0.00012210,0.00012430,6286.15000000,0.00012455833333333333,5867.060833333333,False,False,False
FIROBTC,1613138400000,2021-02-12 15:00:00,0.00012350,0.00012420,0.00012130,0.00012190,6269.52000000,0.00012454166666666668,6619.643333333336,False,False,False
FIROBTC,1613134800000,2021-02-12 14:00:00,0.00012370,0.00012460,0.00012230,0.00012260,2311.24000000,0.0001244666666666667,6498.282500000002,False,False,False
FIROBTC,1613131200000,2021-02-12 13:00:00,0.00012380,0.00012480,0.00012230,0.00012280,2710.69000000,0.0001244166666666667,6753.753333333334,False,False,False
FIROBTC,1613127600000,2021-02-12 12:00:00,0.00012490,0.00012600,0.00012330,0.00012420,6804.43000000,0.0001243666666666667,7335.547500000001,False,False,False
FIROBTC,1613124000000,2021-02-12 11:00:00,0.00012340,0.00012500,0.00012270,0.00012490,7429.61000000,0.000124325,7278.670000000001,False,False,False
FIROBTC,1613120400000,2021-02-12 10:00:00,0.00012380,0.00012480,0.00012280,0.00012340,6045.41000000,0.00012423333333333334,7620.4925,False,False,False
FIROBTC,1613116800000,2021-02-12 09:00:00,0.00012360,0.00012430,0.00012270,0.00012380,5964.52000000,0.00012382500000000001,7574.9000000000015,False,False,False
FIROBTC,1613113200000,2021-02-12 08:00:00,0.00012440,0.00012590,0.00012330,0.00012330,5155.08000000,0.00012354166666666666,8928.665833333334,False,False,False
FIROBTC,1613109600000,2021-02-12 07:00:00,0.00012260,0.00012540,0.00012200,0.00012460,8402.19000000,0.00012324166666666668,9400.9925,False,False,False
FIROBTC,1613106000000,2021-02-12 06:00:00,0.00012070,0.00012300,0.00012070,0.00012300,3789.61000000,0.00012323333333333334,9802.608333333334,False,False,False
FIROBTC,1613102400000,2021-02-12 05:00:00,0.00012200,0.00012240,0.00012030,0.00012070,9236.28000000,0.0001239,12898.720833333333,False,False,False
FIROBTC,1613098800000,2021-02-12 04:00:00,0.00012180,0.00012410,0.00012090,0.00012200,15317.14000000,0.00012463333333333335,18535.26916666667,False,False,False
FIROBTC,1613095200000,2021-02-12 03:00:00,0.00012250,0.00012330,0.00012190,0.00012280,4813.19000000,0.00012415,18549.3075,False,False,False
FIROBTC,1613091600000,2021-02-12 02:00:00,0.00012140,0.00012400,0.00011960,0.00012260,5376.89000000,0.00012368333333333332,19395.053333333333,False,False,False
FIROBTC,1613088000000,2021-02-12 01:00:00,0.00012410,0.00012420,0.00011890,0.00012140,9692.22000000,0.00012305833333333335,20021.679166666665,False,False,False
FIROBTC,1613084400000,2021-02-12 00:00:00,0.00012150,0.00012550,0.00012100,0.00012410,6121.90000000,0.00012275,20450.004166666662,False,False,False
FIROBTC,1613080800000,2021-02-11 23:00:00,0.00011890,0.00012390,0.00011830,0.00012190,11531.48000000,0.00012218333333333334,20797.05833333333,False,False,False
FIROBTC,1613077200000,2021-02-11 22:00:00,0.00011910,0.00011990,0.00011800,0.00011890,5498.30000000,0.00012185833333333333,20849.187499999996,False,False,False
FIROBTC,1613073600000,2021-02-11 21:00:00,0.00012040,0.00012090,0.00011690,0.00011900,22209.71000000,0.00012181666666666666,21138.56583333333,False,False,False
FIROBTC,1613070000000,2021-02-11 20:00:00,0.00012230,0.00012230,0.00011900,0.00012020,10823.00000000,0.00012158333333333335,19666.224166666667,False,False,False
FIROBTC,1613066400000,2021-02-11 19:00:00,0.00012130,0.00012530,0.00012060,0.00012230,13221.58000000,0.00012125833333333333,19369.819999999996,False,False,False
FIROBTC,1613062800000,2021-02-11 18:00:00,0.00013100,0.00013100,0.00012050,0.00012130,40942.96000000,0.00012068333333333333,19139.329999999998,False,False,False
FIROBTC,1613059200000,2021-02-11 17:00:00,0.00011400,0.00013120,0.00011310,0.00013100,76874.86000000,0.00011935833333333334,16286.972499999998,False,False,False
FIROBTC,1613055600000,2021-02-11 16:00:00,0.00011650,0.00011830,0.00011290,0.00011400,15485.60000000,0.00011795000000000002,9880.734166666667,False,False,False
FIROBTC,1613052000000,2021-02-11 15:00:00,0.00011430,0.00011770,0.00011400,0.00011770,14962.14000000,0.00011764166666666668,8850.775,False,False,False
FIROBTC,1613048400000,2021-02-11 14:00:00,0.00011600,0.00011650,0.00011150,0.00011450,12896.40000000,0.00011739166666666668,8138.973333333332,False,False,False
FIROBTC,1613044800000,2021-02-11 13:00:00,0.00011760,0.00012050,0.00011600,0.00011600,14832.12000000,0.00011725000000000002,7561.555833333333,False,False,False
FIROBTC,1613041200000,2021-02-11 12:00:00,0.00011510,0.00011870,0.00011470,0.00011760,10286.55000000,0.0001167,6749.698333333334,False,False,False
FIROBTC,1613037600000,2021-02-11 11:00:00,0.00011790,0.00012000,0.00011510,0.00011510,12157.03000000,0.00011628333333333333,6124.0625,False,False,False
FIROBTC,1613034000000,2021-02-11 10:00:00,0.00011760,0.00011940,0.00011720,0.00011780,8970.84000000,0.00011573333333333333,5535.091666666667,False,False,False
FIROBTC,1613030400000,2021-02-11 09:00:00,0.00011790,0.00011810,0.00011640,0.00011760,4541.61000000,0.00011518333333333335,5237.6375,False,False,False
FIROBTC,1613026800000,2021-02-11 08:00:00,0.00011830,0.00011840,0.00011630,0.00011760,7266.15000000,0.000114825,5703.758333333332,False,False,False
FIROBTC,1613023200000,2021-02-11 07:00:00,0.00011520,0.00011840,0.00011450,0.00011830,10455.70000000,0.00011444999999999999,6390.988333333332,False,False,False
FIROBTC,1613019600000,2021-02-11 06:00:00,0.00011430,0.00011510,0.00011330,0.00011450,6714.67000000,0.00011394999999999999,5844.864999999999,False,False,False
FIROBTC,1613012400000,2021-02-11 04:00:00,0.00011430,0.00011430,0.00011430,0.00011430,0.00000000,0.00011374166666666668,6045.724166666666,False,False,False
FIROBTC,1613008800000,2021-02-11 03:00:00,0.00011430,0.00011460,0.00011330,0.00011430,3126.09000000,0.00011351666666666667,7348.412499999999,False,False,False
FIROBTC,1613005200000,2021-02-11 02:00:00,0.00011420,0.00011470,0.00011320,0.00011430,6420.52000000,0.0001133,7988.965833333335,False,False,False
FIROBTC,1613001600000,2021-02-11 01:00:00,0.00011240,0.00011480,0.00011240,0.00011420,5967.39000000,0.00011309166666666666,8310.749166666666,False,False,False
FIROBTC,1612998000000,2021-02-11 00:00:00,0.00011300,0.00011390,0.00011240,0.00011310,5089.83000000,0.00011294166666666666,10012.973333333333,False,False,False
FIROBTC,1612994400000,2021-02-10 23:00:00,0.00011320,0.00011370,0.00011240,0.00011320,2778.92000000,0.00011292500000000001,9937.3575,False,False,False
FIROBTC,1612990800000,2021-02-10 22:00:00,0.00011280,0.00011340,0.00011180,0.00011260,5089.38000000,0.00011285,10257.230833333333,False,False,False
FIROBTC,1612987200000,2021-02-10 21:00:00,0.00011210,0.00011280,0.00011110,0.00011280,5401.39000000,0.00011275,10905.989166666664,False,False,False
FIROBTC,1612983600000,2021-02-10 20:00:00,0.00011270,0.00011380,0.00011140,0.00011140,10135.06000000,0.00011296666666666667,14218.986666666666,False,False,False
FIROBTC,1612980000000,2021-02-10 19:00:00,0.00011210,0.00011390,0.00010990,0.00011270,15512.91000000,0.00011305,14717.114166666668,False,False,False
FIROBTC,1612976400000,2021-02-10 18:00:00,0.00011150,0.00011240,0.00011050,0.00011130,3902.22000000,0.00011299166666666668,13964.865,False,False,False
FIROBTC,1612972800000,2021-02-10 17:00:00,0.00011040,0.00011260,0.00010920,0.00011160,9124.98000000,0.00011308333333333335,14081.05666666667,False,False,False
FIROBTC,1612969200000,2021-02-10 16:00:00,0.00011070,0.00011160,0.00010930,0.00011030,15632.26000000,0.00011332499999999999,14136.07166666667,False,False,False
FIROBTC,1612965600000,2021-02-10 15:00:00,0.00011190,0.00011200,0.00010930,0.00011100,10812.73000000,0.00011356666666666666,13699.500833333334,False,False,False
FIROBTC,1612962000000,2021-02-10 14:00:00,0.00010810,0.00011220,0.00010810,0.00011190,10281.92000000,0.00011375000000000001,13523.0025,False,False,False
FIROBTC,1612958400000,2021-02-10 13:00:00,0.00011240,0.00011300,0.00010680,0.00010810,26394.08000000,0.00011387499999999999,12998.389166666666,False,False,False
FIROBTC,1612954800000,2021-02-10 12:00:00,0.00011280,0.00011370,0.00011240,0.00011240,4182.44000000,0.00011384166666666668,11141.711666666664,False,False,False
FIROBTC,1612951200000,2021-02-10 11:00:00,0.00011220,0.00011280,0.00011090,0.00011280,6617.40000000,0.00011375833333333335,11068.83,False,False,False
FIROBTC,1612947600000,2021-02-10 10:00:00,0.00010940,0.00011220,0.00010910,0.00011220,12874.48000000,0.0001137,10998.495,False,False,False
FIROBTC,1612944000000,2021-02-10 09:00:00,0.00011050,0.00011540,0.00010830,0.00010930,45157.36000000,0.00011350833333333333,10342.3525,False,False,False
FIROBTC,1612940400000,2021-02-10 08:00:00,0.00011060,0.00011480,0.00010940,0.00011050,16112.59000000,0.00011295000000000001,7159.995833333334,False,False,False
FIROBTC,1612936800000,2021-02-10 07:00:00,0.00011240,0.00011320,0.00011030,0.00011060,6485.92000000,0.00011249999999999997,6246.002500000001,False,False,False
FIROBTC,1612933200000,2021-02-10 06:00:00,0.00011130,0.00011350,0.00011000,0.00011270,5296.52000000,0.00011214999999999999,6497.646666666667,False,False,False
FIROBTC,1612929600000,2021-02-10 05:00:00,0.00011440,0.00011550,0.00011100,0.00011130,9785.16000000,0.00011200833333333334,8811.353333333333,False,False,False
FIROBTC,1612926000000,2021-02-10 04:00:00,0.00011420,0.00011450,0.00011180,0.00011410,10393.41000000,0.000111975,8855.563333333334,False,False,False
FIROBTC,1612922400000,2021-02-10 03:00:00,0.00011370,0.00011420,0.00011260,0.00011360,8694.75000000,0.00011210000000000001,8401.33,False,False,False
FIROBTC,1612918800000,2021-02-10 02:00:00,0.00011260,0.00011370,0.00011220,0.00011370,3986.56000000,0.00011240833333333335,8383.826666666666,False,False,False
FIROBTC,1612915200000,2021-02-10 01:00:00,0.00011230,0.00011260,0.00011080,0.00011210,4113.95000000,0.00011283333333333334,9738.650833333333,False,False,False
FIROBTC,1612911600000,2021-02-10 00:00:00,0.00011070,0.00011270,0.00011070,0.00011170,3307.86000000,0.00011315833333333335,10399.323333333334,False,False,False
FIROBTC,1612908000000,2021-02-09 23:00:00,0.00011010,0.00011210,0.00010980,0.00011150,5773.38000000,0.0001136,11431.135,False,False,False
FIROBTC,1612904400000,2021-02-09 22:00:00,0.00010870,0.00010990,0.00010840,0.00010960,5000.77000000,0.00011379166666666666,11374.298333333332,False,False,False
FIROBTC,1612900800000,2021-02-09 21:00:00,0.00010870,0.00010870,0.00010710,0.00010830,6969.08000000,0.00011394166666666665,11259.629166666666,False,False,False
FIROBTC,1612897200000,2021-02-09 20:00:00,0.00010770,0.00010940,0.00010660,0.00010870,5144.67000000,0.00011414999999999998,10947.820000000002,False,False,False
FIROBTC,1612893600000,2021-02-09 19:00:00,0.00010810,0.00010900,0.00010620,0.00010730,9505.65000000,0.0001141333333333333,11249.961666666668,False,False,False
FIROBTC,1612890000000,2021-02-09 18:00:00,0.00011160,0.00011180,0.00010650,0.00010870,33061.00000000,0.00011435833333333333,10784.699166666667,False,False,False
FIROBTC,1612886400000,2021-02-09 17:00:00,0.00011460,0.00011510,0.00011100,0.00011160,10315.68000000,0.00011587499999999998,17564.767499999998,False,False,False
FIROBTC,1612882800000,2021-02-09 16:00:00,0.00011500,0.00011600,0.00011370,0.00011460,4942.61000000,0.00011495833333333334,17317.060833333333,False,False,False
FIROBTC,1612879200000,2021-02-09 15:00:00,0.00011770,0.00011790,0.00011500,0.00011520,8484.71000000,0.00011406666666666667,17271.7875,False,False,False
FIROBTC,1612875600000,2021-02-09 14:00:00,0.00011650,0.00011880,0.00011640,0.00011770,20244.45000000,0.00011315000000000001,17145.204166666666,False,False,False
FIROBTC,1612872000000,2021-02-09 13:00:00,0.00011440,0.00011650,0.00011320,0.00011650,12042.02000000,0.00011223333333333336,15833.479166666664,False,False,False
FIROBTC,1612868400000,2021-02-09 12:00:00,0.00011330,0.00011800,0.00011330,0.00011450,15689.60000000,0.00011148333333333334,15183.093333333332,False,False,False
FIROBTC,1612864800000,2021-02-09 11:00:00,0.00011010,0.00011440,0.00011010,0.00011380,5091.34000000,0.00011086666666666667,14124.776666666665,False,False,False
FIROBTC,1612861200000,2021-02-09 10:00:00,0.00011070,0.00011170,0.00010930,0.00011040,3624.74000000,0.00011070833333333336,13852.203333333333,False,False,False
FIROBTC,1612857600000,2021-02-09 09:00:00,0.00010850,0.00011120,0.00010690,0.00011100,3227.37000000,0.0001108,14670.722499999998,False,False,False
FIROBTC,1612854000000,2021-02-09 08:00:00,0.00010810,0.00010920,0.00010700,0.00010810,8770.37000000,0.00011110833333333333,14818.526666666667,False,False,False
FIROBTC,1612850400000,2021-02-09 07:00:00,0.00011060,0.00011170,0.00010820,0.00010900,3922.50000000,0.00011167499999999999,14407.300000000001,False,False,False
FIROBTC,1612846800000,2021-02-09 06:00:00,0.00010320,0.00013000,0.00010310,0.00011110,114421.82000000,0.00011191666666666664,14236.435,False,True,False
FIROBTC,1612843200000,2021-02-09 05:00:00,0.00010380,0.00010410,0.00010170,0.00010300,7343.20000000,0.000110575,4841.026666666667,False,False,False
FIROBTC,1612839600000,2021-02-09 04:00:00,0.00010470,0.00010530,0.00010320,0.00010380,4399.33000000,0.00011131666666666667,4715.086666666667,False,False,False
FIROBTC,1612836000000,2021-02-09 03:00:00,0.00010630,0.00010690,0.00010320,0.00010470,6965.71000000,0.00011195833333333332,5719.428333333333,False,False,False
FIROBTC,1612832400000,2021-02-09 02:00:00,0.00010690,0.00010780,0.00010500,0.00010630,4503.75000000,0.00011239999999999998,5632.467499999999,False,False,False
FIROBTC,1612828800000,2021-02-09 01:00:00,0.00010730,0.00010750,0.00010550,0.00010630,4237.39000000,0.00011307499999999998,6922.728333333335,False,False,False
FIROBTC,1612825200000,2021-02-09 00:00:00,0.00011000,0.00011060,0.00010720,0.00010750,2989.80000000,0.00011439999999999998,7377.585000000002,False,False,False
FIROBTC,1612821600000,2021-02-08 23:00:00,0.00011080,0.00011250,0.00011000,0.00011000,1820.46000000,0.00011533333333333334,7593.9925,False,False,False
FIROBTC,1612818000000,2021-02-08 22:00:00,0.00011260,0.00011280,0.00010970,0.00011080,13446.97000000,0.000116025,7543.001666666666,False,False,False
FIROBTC,1612814400000,2021-02-08 21:00:00,0.00011390,0.00011490,0.00011170,0.00011360,5001.02000000,0.00011678333333333336,6883.251666666666,False,False,False
FIROBTC,1612810800000,2021-02-08 20:00:00,0.00011320,0.00011600,0.00011320,0.00011460,3835.65000000,0.0001172916666666667,6600.755833333333,False,False,False
FIROBTC,1612807200000,2021-02-08 19:00:00,0.00011310,0.00011460,0.00011270,0.00011390,1872.12000000,0.00011782500000000002,6579.544166666667,False,False,False
FIROBTC,1612803600000,2021-02-08 18:00:00,0.00011150,0.00011390,0.00011150,0.00011270,1676.92000000,0.00011844166666666665,6693.871666666666,False,False,False
FIROBTC,1612800000000,2021-02-08 17:00:00,0.00011100,0.00011300,0.00010960,0.00011170,5831.92000000,0.00011920000000000001,6848.645,False,False,False
FIROBTC,1612796400000,2021-02-08 16:00:00,0.00010990,0.00011300,0.00010980,0.00011110,16451.43000000,0.00012001666666666667,6592.575,False,False,False
FIROBTC,1612792800000,2021-02-08 15:00:00,0.00011210,0.00011220,0.00010940,0.00011030,5922.18000000,0.00012083333333333335,5712.244166666666,False,False,False
FIROBTC,1612789200000,2021-02-08 14:00:00,0.00011570,0.00011590,0.00010810,0.00011140,19986.88000000,0.00012159166666666668,5658.208333333333,False,False,False
FIROBTC,1612785600000,2021-02-08 13:00:00,0.00012110,0.00012340,0.00011480,0.00011480,9695.67000000,0.00012189166666666668,4234.283333333334,False,False,False
FIROBTC,1612782000000,2021-02-08 12:00:00,0.00012080,0.00012180,0.00011940,0.00012110,5586.69000000,0.00012153333333333334,3590.941666666667,False,False,False
FIROBTC,1612778400000,2021-02-08 11:00:00,0.00012060,0.00012080,0.00011970,0.00012070,1208.57000000,0.00012125833333333333,3354.6758333333332,False,False,False
FIROBTC,1612774800000,2021-02-08 10:00:00,0.00012060,0.00012190,0.00011980,0.00012070,5529.97000000,0.00012098333333333334,3349.691666666667,False,False,False
FIROBTC,1612771200000,2021-02-08 09:00:00,0.00012100,0.00012100,0.00011930,0.00012090,1611.07000000,0.00012074166666666666,3074.8741666666665,False,False,False
FIROBTC,1612767600000,2021-02-08 08:00:00,0.00012110,0.00012240,0.00012010,0.00012120,3581.11000000,0.00012072499999999998,3297.9758333333334,False,False,False
FIROBTC,1612764000000,2021-02-08 07:00:00,0.00012080,0.00012200,0.00011910,0.00012200,3244.05000000,0.00012050833333333333,3130.2975,False,False,False
FIROBTC,1612760400000,2021-02-08 06:00:00,0.00012180,0.00012300,0.00012090,0.00012110,3534.20000000,0.00012040833333333334,3023.4566666666665,False,False,False
FIROBTC,1612756800000,2021-02-08 05:00:00,0.00012210,0.00012280,0.00012130,0.00012260,2759.08000000,0.00012031666666666666,3042.65,False,False,False
FIROBTC,1612753200000,2021-02-08 04:00:00,0.00012040,0.00012280,0.00012030,0.00012250,5887.46000000,0.00012013333333333333,3584.0525,False,False,False
FIROBTC,1612749600000,2021-02-08 03:00:00,0.00011870,0.00012130,0.00011870,0.00012130,5273.75000000,0.000120025,3725.8275,False,False,False
FIROBTC,1612746000000,2021-02-08 02:00:00,0.00011810,0.00011950,0.00011800,0.00011800,2899.78000000,0.00012006666666666665,3811.370833333333,False,False,False
FIROBTC,1612742400000,2021-02-08 01:00:00,0.00011830,0.00011910,0.00011750,0.00011870,1975.57000000,0.00012035833333333332,4183.168333333334,False,False,False
FIROBTC,1612738800000,2021-02-08 00:00:00,0.00011620,0.00011850,0.00011620,0.00011750,2751.50000000,0.00012075833333333332,4719.6275,False,False,False
FIROBTC,1612735200000,2021-02-07 23:00:00,0.00011750,0.00011750,0.00011620,0.00011650,1148.76000000,0.00012129166666666664,5029.599999999999,False,False,False
FIROBTC,1612731600000,2021-02-07 22:00:00,0.00011820,0.00011900,0.00011710,0.00011730,2232.16000000,0.00012189166666666664,5547.504166666666,False,False,False
FIROBTC,1612728000000,2021-02-07 21:00:00,0.00011910,0.00012080,0.00011810,0.00011810,4288.29000000,0.00012251666666666667,6624.227500000001,False,False,False
FIROBTC,1612724400000,2021-02-07 20:00:00,0.00011770,0.00011980,0.00011760,0.00011890,1568.97000000,0.00012258333333333335,6628.190000000001,False,False,False
FIROBTC,1612720800000,2021-02-07 19:00:00,0.00012080,0.00012080,0.00011770,0.00011770,1961.96000000,0.0001231,8130.638333333335,False,False,False
FIROBTC,1612717200000,2021-02-07 18:00:00,0.00011920,0.00012190,0.00011900,0.00012080,3764.52000000,0.00012371666666666667,8317.67,False,False,False
FIROBTC,1612713600000,2021-02-07 17:00:00,0.00012000,0.00012060,0.00011850,0.00011850,9255.91000000,0.00012419166666666667,8545.805833333334,False,False,False
FIROBTC,1612710000000,2021-02-07 16:00:00,0.00012140,0.00012150,0.00011800,0.00011940,7588.76000000,0.0001248416666666667,8270.508333333333,False,False,False
FIROBTC,1612706400000,2021-02-07 15:00:00,0.00011970,0.00012180,0.00011920,0.00012140,6300.27000000,0.00012541666666666666,7956.03,False,False,False
FIROBTC,1612702800000,2021-02-07 14:00:00,0.00012090,0.00012300,0.00011910,0.00011910,7361.35000000,0.0001261,8925.4675,False,False,False
FIROBTC,1612699200000,2021-02-07 13:00:00,0.00012300,0.00012390,0.00012040,0.00012140,8413.08000000,0.00012693333333333332,9211.679999999998,False,False,False
FIROBTC,1612695600000,2021-02-07 12:00:00,0.00012330,0.00012490,0.00012300,0.00012300,6471.17000000,0.000127475,9458.964166666667,False,False,False
FIROBTC,1612692000000,2021-02-07 11:00:00,0.00012400,0.00012470,0.00012150,0.00012420,7363.61000000,0.000127625,9258.189999999999,False,False,False
FIROBTC,1612688400000,2021-02-07 10:00:00,0.00011980,0.00012650,0.00011980,0.00012390,15152.84000000,0.00012769166666666665,9237.046666666667,False,False,False
FIROBTC,1612684800000,2021-02-07 09:00:00,0.00012050,0.00012160,0.00011930,0.00012080,4335.84000000,0.000128425,15513.996666666666,False,False,False
FIROBTC,1612681200000,2021-02-07 08:00:00,0.00012580,0.00012600,0.00011940,0.00012050,19598.35000000,0.0001282916666666667,16432.606666666667,False,False,False
FIROBTC,1612677600000,2021-02-07 07:00:00,0.00012680,0.00012820,0.00012470,0.00012470,4206.34000000,0.00012775000000000002,15224.369166666664,False,False,False
FIROBTC,1612674000000,2021-02-07 06:00:00,0.00012380,0.00012760,0.00012320,0.00012720,6502.15000000,0.00012716666666666668,15634.809999999996,False,False,False
FIROBTC,1612670400000,2021-02-07 05:00:00,0.00012840,0.00012840,0.00012380,0.00012380,5952.34000000,0.00012626666666666668,16447.225,False,False,False
FIROBTC,1612666800000,2021-02-07 04:00:00,0.00012680,0.00012840,0.00012590,0.00012840,3815.02000000,0.00012499999999999998,16575.401666666665,False,False,False
FIROBTC,1612663200000,2021-02-07 03:00:00,0.00013000,0.00013000,0.00012580,0.00012660,17933.52000000,0.00012379166666666666,16940.013333333332,False,False,False
FIROBTC,1612659600000,2021-02-07 02:00:00,0.00012960,0.00013300,0.00012860,0.00013080,10795.90000000,0.00012224166666666665,15855.020000000002,False,False,False
FIROBTC,1612656000000,2021-02-07 01:00:00,0.00012340,0.00013040,0.00012340,0.00012950,11380.49000000,0.00012031666666666666,15292.098333333333,False,False,False
FIROBTC,1612652400000,2021-02-07 00:00:00,0.00012460,0.00012670,0.00012310,0.00012340,4061.88000000,0.00011870000000000001,14795.415000000003,False,False,False
FIROBTC,1612648800000,2021-02-06 23:00:00,0.00012160,0.00012550,0.00012090,0.00012520,7109.89000000,0.00011754166666666669,15343.381666666668,False,False,False
FIROBTC,1612645200000,2021-02-06 22:00:00,0.00011730,0.00013530,0.00011710,0.00012160,90476.24000000,0.00011675000000000003,15518.0925,False,True,False
FIROBTC,1612641600000,2021-02-06 21:00:00,0.00011670,0.00012000,0.00011490,0.00011740,15359.16000000,0.00011506666666666667,8197.574166666667,False,False,False
FIROBTC,1612638000000,2021-02-06 20:00:00,0.00011950,0.00011950,0.00011570,0.00011670,5099.50000000,0.00011470000000000001,7389.595,False,False,False
FIROBTC,1612634400000,2021-02-06 19:00:00,0.00011680,0.00012120,0.00011650,0.00011970,9131.63000000,0.00011431666666666665,7240.995,False,False,False
FIROBTC,1612630800000,2021-02-06 18:00:00,0.00011190,0.00011680,0.00011100,0.00011680,16251.13000000,0.00011380833333333333,6615.470000000001,False,False,False
FIROBTC,1612627200000,2021-02-06 17:00:00,0.00011060,0.00011320,0.00010970,0.00011190,7490.46000000,0.00011379999999999999,5867.578333333334,False,False,False
FIROBTC,1612623600000,2021-02-06 16:00:00,0.00011150,0.00011390,0.00011060,0.00011060,8190.36000000,0.00011410000000000001,5632.72,False,False,False
FIROBTC,1612620000000,2021-02-06 15:00:00,0.00010990,0.00011140,0.00010920,0.00011140,4913.60000000,0.00011428333333333334,5130.761666666667,False,False,False
FIROBTC,1612616400000,2021-02-06 14:00:00,0.00010950,0.00010990,0.00010830,0.00010990,4040.84000000,0.00011475,5800.944166666665,False,False,False
FIROBTC,1612612800000,2021-02-06 13:00:00,0.00010960,0.00011100,0.00010880,0.00010950,5420.29000000,0.00011580833333333333,6141.233333333334,False,False,False
FIROBTC,1612609200000,2021-02-06 12:00:00,0.00011230,0.00011280,0.00010850,0.00010990,10637.48000000,0.00011684166666666666,6672.9675,False,False,False
FIROBTC,1612605600000,2021-02-06 11:00:00,0.00011370,0.00011600,0.00011150,0.00011150,9206.42000000,0.00011800833333333332,6487.607500000001,False,False,False
FIROBTC,1612602000000,2021-02-06 10:00:00,0.00011510,0.00011510,0.00011310,0.00011310,2630.02000000,0.00011901666666666664,7049.087500000001,False,False,False
FIROBTC,1612598400000,2021-02-06 09:00:00,0.00011410,0.00011560,0.00011400,0.00011530,5663.41000000,0.00011987499999999999,7953.713333333333,False,False,False
FIROBTC,1612594800000,2021-02-06 08:00:00,0.00011420,0.00011490,0.00011330,0.00011410,3316.30000000,0.00012048333333333333,8719.115000000003,False,False,False
FIROBTC,1612591200000,2021-02-06 07:00:00,0.00011510,0.00011510,0.00011340,0.00011410,1625.33000000,0.00012100833333333331,8737.836666666668,False,False,False
FIROBTC,1612587600000,2021-02-06 06:00:00,0.00011600,0.00011670,0.00011390,0.00011530,7276.43000000,0.00012148333333333334,8764.625000000002,False,False,False
FIROBTC,1612584000000,2021-02-06 05:00:00,0.00011520,0.00011680,0.00011480,0.00011520,4672.16000000,0.00012192500000000001,9217.263333333334,False,False,False
FIROBTC,1612580400000,2021-02-06 04:00:00,0.00011600,0.00011610,0.00011490,0.00011520,2166.86000000,0.00012226666666666667,9193.4575,False,False,False
FIROBTC,1612576800000,2021-02-06 03:00:00,0.00011600,0.00011700,0.00011430,0.00011600,12955.79000000,0.00012271666666666668,10227.844166666668,False,False,False
FIROBTC,1612573200000,2021-02-06 02:00:00,0.00011860,0.00012260,0.00011520,0.00011590,8124.31000000,0.00012306666666666669,10442.9425,False,False,False
FIROBTC,1612569600000,2021-02-06 01:00:00,0.00012260,0.00012340,0.00011790,0.00011860,11801.10000000,0.00012275833333333334,11439.8075,False,False,False
FIROBTC,1612566000000,2021-02-06 00:00:00,0.00012670,0.00012680,0.00012170,0.00012280,8413.16000000,0.00012216666666666666,11683.260833333334,False,False,False
FIROBTC,1612562400000,2021-02-05 23:00:00,0.00012540,0.00012810,0.00012470,0.00012610,15944.18000000,0.00012106666666666665,11317.631666666666,False,False,False
FIROBTC,1612558800000,2021-02-05 22:00:00,0.00012280,0.00012540,0.00012180,0.00012540,13485.53000000,0.00011985833333333334,10476.014166666666,False,False,False
FIROBTC,1612555200000,2021-02-05 21:00:00,0.00011970,0.00012290,0.00011890,0.00012290,14848.23000000,0.00011882499999999997,10300.397500000001,False,False,False
FIROBTC,1612551600000,2021-02-05 20:00:00,0.00011980,0.00012120,0.00011900,0.00011980,3540.96000000,0.00011809999999999998,10770.928333333333,False,False,False
FIROBTC,1612548000000,2021-02-05 19:00:00,0.00012080,0.00012080,0.00011920,0.00012030,1946.79000000,0.00011755833333333331,11007.799166666666,False,False,False
FIROBTC,1612544400000,2021-02-05 18:00:00,0.00011920,0.00012200,0.00011860,0.00012130,12708.09000000,0.00011696666666666666,11498.456666666667,False,False,False
FIROBTC,1612540800000,2021-02-05 17:00:00,0.00012090,0.00012090,0.00011780,0.00011850,4386.49000000,0.00011619999999999999,10844.615833333333,False,False,False
FIROBTC,1612537200000,2021-02-05 16:00:00,0.00012120,0.00012150,0.00011780,0.00012090,14579.50000000,0.00011551666666666665,10807.539166666667,False,False,False
FIROBTC,1612533600000,2021-02-05 15:00:00,0.00011590,0.00012120,0.00011590,0.00012120,15536.97000000,0.00011472499999999998,10195.896666666667,False,False,False
FIROBTC,1612530000000,2021-02-05 14:00:00,0.00011510,0.00011890,0.00011450,0.00011600,20086.69000000,0.00011406666666666666,10919.716666666669,False,False,False
FIROBTC,1612526400000,2021-02-05 13:00:00,0.00011280,0.00011630,0.00011250,0.00011550,14722.54000000,0.00011309999999999998,9855.435833333335,False,False,False
FIROBTC,1612522800000,2021-02-05 12:00:00,0.00011300,0.00011360,0.00011200,0.00011290,4025.61000000,0.00011239166666666667,8925.376666666669,False,False,False
FIROBTC,1612519200000,2021-02-05 11:00:00,0.00011300,0.00011360,0.00011200,0.00011360,5844.77000000,0.00011195833333333334,8720.5375,False,False,False
FIROBTC,1612515600000,2021-02-05 10:00:00,0.00011130,0.00011300,0.00011090,0.00011300,11378.13000000,0.00011151666666666668,8353.460833333333,False,False,False
FIROBTC,1612512000000,2021-02-05 09:00:00,0.00011400,0.00011420,0.00010900,0.00011100,20494.60000000,0.00011104166666666666,7773.736666666667,False,False,False
FIROBTC,1612508400000,2021-02-05 08:00:00,0.00011350,0.00011470,0.00011230,0.00011390,6383.41000000,0.000110475,6292.149166666667,False,False,False
FIROBTC,1612504800000,2021-02-05 07:00:00,0.00011230,0.00011370,0.00011130,0.00011340,7834.68000000,0.00011,5953.6050000000005,False,False,False
FIROBTC,1612501200000,2021-02-05 06:00:00,0.00011210,0.00011280,0.00011140,0.00011230,4862.00000000,0.00010958333333333333,5392.441666666667,False,False,False
FIROBTC,1612497600000,2021-02-05 05:00:00,0.00011030,0.00011270,0.00011030,0.00011210,3941.57000000,0.0001092,5229.1525,False,False,False
FIROBTC,1612494000000,2021-02-05 04:00:00,0.00011050,0.00011200,0.00011020,0.00011070,7239.79000000,0.00010875833333333331,5233.733333333333,False,False,False
FIROBTC,1612490400000,2021-02-05 03:00:00,0.00010720,0.00011330,0.00010610,0.00011050,24222.81000000,0.00010840833333333333,5078.574166666666,False,False,False
FIROBTC,1612486800000,2021-02-05 02:00:00,0.00010730,0.00010730,0.00010600,0.00010720,7315.32000000,0.00010790833333333335,3296.1808333333333,False,False,False
FIROBTC,1612483200000,2021-02-05 01:00:00,0.00010690,0.00010780,0.00010600,0.00010730,3561.83000000,0.00010795833333333333,2872.2291666666665,False,False,False
FIROBTC,1612479600000,2021-02-05 00:00:00,0.00010760,0.00010840,0.00010700,0.00010770,1567.54000000,0.00010800833333333335,2809.7141666666666,False,False,False
FIROBTC,1612476000000,2021-02-04 23:00:00,0.00010730,0.00010830,0.00010660,0.00010750,1439.85000000,0.00010799166666666667,2953.9424999999997,False,False,False
FIROBTC,1612472400000,2021-02-04 22:00:00,0.00010680,0.00010730,0.00010550,0.00010650,4421.44000000,0.00010790833333333335,2948.1341666666667,False,False,False
FIROBTC,1612468800000,2021-02-04 21:00:00,0.00010680,0.00010740,0.00010600,0.00010680,2715.55000000,0.00010794166666666667,2973.98,False,False,False
FIROBTC,1612465200000,2021-02-04 20:00:00,0.00010830,0.00010900,0.00010670,0.00010670,2320.88000000,0.00010818333333333331,3799.6258333333335,False,False,False
FIROBTC,1612461600000,2021-02-04 19:00:00,0.00010780,0.00010870,0.00010700,0.00010870,1100.72000000,0.00010835,3850.005833333334,False,False,False
FIROBTC,1612458000000,2021-02-04 18:00:00,0.00010660,0.00010820,0.00010620,0.00010710,2902.53000000,0.00010894166666666664,4591.900000000001,False,False,False
FIROBTC,1612454400000,2021-02-04 17:00:00,0.00010590,0.00010740,0.00010590,0.00010660,3996.54000000,0.00010966666666666666,4512.588333333333,False,False,False
FIROBTC,1612450800000,2021-02-04 16:00:00,0.00010610,0.00010780,0.00010560,0.00010630,5377.88000000,0.00011058333333333332,4610.367499999999,False,False,False
FIROBTC,1612447200000,2021-02-04 15:00:00,0.00010580,0.00010730,0.00010570,0.00010630,2834.09000000,0.00011125000000000001,4519.8625,False,False,False
FIROBTC,1612443600000,2021-02-04 14:00:00,0.00010660,0.00010790,0.00010580,0.00010590,2227.90000000,0.00011156666666666665,4550.274166666667,False,False,False
FIROBTC,1612440000000,2021-02-04 13:00:00,0.00010820,0.00010840,0.00010570,0.00010570,2811.65000000,0.000111725,4452.787499999999,False,False,False
FIROBTC,1612436400000,2021-02-04 12:00:00,0.00010590,0.00010820,0.00010590,0.00010730,3298.28000000,0.00011195,4461.394166666667,False,False,False
FIROBTC,1612432800000,2021-02-04 11:00:00,0.00010600,0.00010730,0.00010520,0.00010540,1370.15000000,0.00011223333333333336,4314.843333333333,False,False,False
FIROBTC,1612429200000,2021-02-04 10:00:00,0.00010770,0.00010770,0.00010400,0.00010550,4731.59000000,0.00011259166666666667,4416.356666666667,False,False,False
FIROBTC,1612425600000,2021-02-04 09:00:00,0.00011020,0.00011030,0.00010240,0.00010740,12623.30000000,0.00011300833333333333,4738.521666666667,False,False,False
FIROBTC,1612422000000,2021-02-04 08:00:00,0.00010980,0.00011100,0.00010930,0.00011020,2925.44000000,0.00011328333333333335,4100.666666666667,False,False,False
FIROBTC,1612418400000,2021-02-04 07:00:00,0.00011580,0.00011580,0.00010910,0.00010970,10003.45000000,0.00011353333333333335,3957.411666666667,False,False,False
FIROBTC,1612414800000,2021-02-04 06:00:00,0.00011440,0.00011690,0.00011370,0.00011580,1950.79000000,0.0001133,3258.2583333333337,False,False,False
FIROBTC,1612411200000,2021-02-04 05:00:00,0.00011380,0.00011840,0.00011340,0.00011430,5169.89000000,0.00011291666666666667,3316.263333333334,False,False,False
FIROBTC,1612407600000,2021-02-04 04:00:00,0.00011060,0.00011580,0.00010850,0.00011480,4291.82000000,0.00011256666666666667,3341.4550000000004,False,False,False
FIROBTC,1612404000000,2021-02-04 03:00:00,0.00010880,0.00011110,0.00010880,0.00011050,3199.03000000,0.00011248333333333335,3267.7341666666666,False,False,False
FIROBTC,1612400400000,2021-02-04 02:00:00,0.00010870,0.00010980,0.00010730,0.00010980,1058.06000000,0.000112575,3244.774166666666,False,False,False
FIROBTC,1612396800000,2021-02-04 01:00:00,0.00011040,0.00011110,0.00010800,0.00010820,2914.93000000,0.00011299166666666666,3584.443333333333,False,False,False
FIROBTC,1612393200000,2021-02-04 00:00:00,0.00011130,0.00011160,0.00011020,0.00011040,1539.67000000,0.00011326666666666668,3469.8808333333327,False,False,False
FIROBTC,1612389600000,2021-02-03 23:00:00,0.00011030,0.00011160,0.00010980,0.00011160,2588.31000000,0.000113675,3647.9249999999997,False,False,False
FIROBTC,1612386000000,2021-02-03 22:00:00,0.00011250,0.00011270,0.00010950,0.00011040,8597.57000000,0.00011394999999999999,3693.138333333333,False,False,False
FIROBTC,1612382400000,2021-02-03 21:00:00,0.00011270,0.00011360,0.00011130,0.00011230,4969.04000000,0.00011404166666666666,3298.4683333333323,False,False,False
FIROBTC,1612378800000,2021-02-03 20:00:00,0.00011100,0.00011400,0.00011100,0.00011260,1206.38000000,0.00011399166666666667,2967.0975,False,False,False
FIROBTC,1612375200000,2021-02-03 19:00:00,0.00011210,0.00011300,0.00011120,0.00011120,1613.61000000,0.00011385000000000002,3045.8366666666666,False,False,False
FIROBTC,1612371600000,2021-02-03 18:00:00,0.00011210,0.00011230,0.00011000,0.00011210,2646.85000000,0.00011361666666666666,3013.9874999999997,False,False,False
FIROBTC,1612368000000,2021-02-03 17:00:00,0.00011300,0.00011420,0.00010960,0.00011140,5472.19000000,0.00011360833333333333,3017.9208333333336,False,False,False
FIROBTC,1612364400000,2021-02-03 16:00:00,0.00011200,0.00011480,0.00011110,0.00011310,3407.17000000,0.00011350833333333333,2915.5674999999997,False,False,False
FIROBTC,1612360800000,2021-02-03 15:00:00,0.00011220,0.00011220,0.00011000,0.00011110,2923.51000000,0.00011346666666666668,2757.1758333333332,False,False,False
FIROBTC,1612357200000,2021-02-03 14:00:00,0.00011430,0.00011480,0.00011000,0.00011180,5134.09000000,0.0001137,2736.4816666666666,False,False,False
FIROBTC,1612353600000,2021-02-03 13:00:00,0.00011370,0.00011440,0.00011280,0.00011400,1540.18000000,0.00011386666666666667,2572.9900000000002,False,False,False
FIROBTC,1612350000000,2021-02-03 12:00:00,0.00011450,0.00011650,0.00011340,0.00011340,3676.20000000,0.00011423333333333335,2625.7008333333333,False,False,False
FIROBTC,1612346400000,2021-02-03 11:00:00,0.00011340,0.00011490,0.00011320,0.00011450,3130.87000000,0.00011435833333333334,2471.4225,False,False,False
FIROBTC,1612342800000,2021-02-03 10:00:00,0.00011310,0.00011380,0.00011160,0.00011320,3861.53000000,0.00011448333333333336,2350.651666666666,False,False,False
FIROBTC,1612339200000,2021-02-03 09:00:00,0.00011140,0.00011300,0.00011140,0.00011300,992.59000000,0.000114875,2396.445,False,False,False
FIROBTC,1612335600000,2021-02-03 08:00:00,0.00011010,0.00011230,0.00010990,0.00011230,2151.25000000,0.00011527500000000001,3001.4516666666664,False,False,False
FIROBTC,1612332000000,2021-02-03 07:00:00,0.00010960,0.00011020,0.00010880,0.00010990,1231.42000000,0.00011546666666666665,2936.0375,False,False,False
FIROBTC,1612328400000,2021-02-03 06:00:00,0.00011070,0.00011220,0.00010960,0.00011030,2694.05000000,0.00011578333333333332,2899.8558333333335,False,False,False
FIROBTC,1612324800000,2021-02-03 05:00:00,0.00011130,0.00011300,0.00011040,0.00011040,4243.95000000,0.00011598333333333332,2839.6824999999994,False,False,False
FIROBTC,1612321200000,2021-02-03 04:00:00,0.00011360,0.00011430,0.00011130,0.00011130,1506.47000000,0.00011610833333333334,2813.7799999999993,False,False,False
FIROBTC,1612317600000,2021-02-03 03:00:00,0.00011500,0.00011500,0.00011240,0.00011360,2675.18000000,0.00011603333333333335,2765.5191666666665,False,False,False
FIROBTC,1612314000000,2021-02-03 02:00:00,0.00011600,0.00011680,0.00011410,0.00011500,3172.19000000,0.00011586666666666666,2604.784166666667,False,False,False
FIROBTC,1612310400000,2021-02-03 01:00:00,0.00011720,0.00011880,0.00011480,0.00011680,2172.71000000,0.00011563333333333334,2641.400833333333,False,False,False
FIROBTC,1612306800000,2021-02-03 00:00:00,0.00011520,0.00011800,0.00011520,0.00011720,1824.86000000,0.00011518333333333332,2602.0658333333336,False,False,False
FIROBTC,1612303200000,2021-02-02 23:00:00,0.00011540,0.00011640,0.00011400,0.00011520,1681.62000000,0.00011476666666666666,2682.36,False,False,False
FIROBTC,1612299600000,2021-02-02 22:00:00,0.00011780,0.00011850,0.00011460,0.00011650,4411.05000000,0.00011454999999999999,3037.688333333334,False,False,False
FIROBTC,1612296000000,2021-02-02 21:00:00,0.00011320,0.00011780,0.00011250,0.00011720,8252.67000000,0.00011418333333333334,2950.5108333333337,False,False,False
FIROBTC,1612292400000,2021-02-02 20:00:00,0.00011300,0.00011460,0.00011250,0.00011320,1366.28000000,0.00011401666666666668,2404.774166666667,False,False,False
FIROBTC,1612288800000,2021-02-02 19:00:00,0.00011330,0.00011400,0.00011280,0.00011400,797.24000000,0.00011398333333333334,2401.4700000000003,False,False,False
FIROBTC,1612285200000,2021-02-02 18:00:00,0.00011450,0.00011460,0.00011290,0.00011350,1971.97000000,0.00011400000000000002,2456.0041666666666,False,False,False
FIROBTC,1612281600000,2021-02-02 17:00:00,0.00011320,0.00011450,0.00011070,0.00011450,3933.12000000,0.00011385000000000002,2400.8366666666666,False,False,False
FIROBTC,1612278000000,2021-02-02 16:00:00,0.00011260,0.00011340,0.00011140,0.00011310,927.34000000,0.00011389166666666668,2174.369166666667,False,False,False
FIROBTC,1612274400000,2021-02-02 15:00:00,0.00011160,0.00011300,0.00011160,0.00011200,746.36000000,0.00011425833333333334,2199.2516666666666,False,False,False
FIROBTC,1612270800000,2021-02-02 14:00:00,0.00011260,0.00011400,0.00011080,0.00011140,3611.59000000,0.00011451666666666665,2281.920833333333,False,False,False
FIROBTC,1612267200000,2021-02-02 13:00:00,0.00011220,0.00011340,0.00011180,0.00011240,1700.69000000,0.000114575,2224.325,False,False,False
FIROBTC,1612263600000,2021-02-02 12:00:00,0.00011210,0.00011300,0.00011130,0.00011220,2788.39000000,0.00011453333333333333,2280.601666666667,False,False,False
FIROBTC,1612260000000,2021-02-02 11:00:00,0.00011080,0.00011380,0.00011080,0.00011300,5945.56000000,0.00011442499999999999,2103.3641666666667,False,False,False
FIROBTC,1612256400000,2021-02-02 10:00:00,0.00011410,0.00011410,0.00011030,0.00011080,3364.92000000,0.00011439166666666666,1862.8741666666665,False,False,False
FIROBTC,1612252800000,2021-02-02 09:00:00,0.00011220,0.00011580,0.00011180,0.00011410,1703.83000000,0.00011444166666666667,1740.1408333333336,False,False,False
FIROBTC,1612249200000,2021-02-02 08:00:00,0.00011390,0.00011420,0.00011150,0.00011250,1326.63000000,0.00011429166666666668,1714.8033333333335,False,False,False
FIROBTC,1612245600000,2021-02-02 07:00:00,0.00011240,0.00011420,0.00011190,0.00011360,1451.65000000,0.00011410000000000001,1721.4783333333332,False,False,False
FIROBTC,1612242000000,2021-02-02 06:00:00,0.00011250,0.00011280,0.00011120,0.00011180,1309.96000000,0.00011387499999999999,1877.1258333333333,False,False,False
FIROBTC,1612238400000,2021-02-02 05:00:00,0.00011460,0.00011500,0.00011220,0.00011280,1215.51000000,0.00011440833333333334,3310.906666666667,False,False,False
FIROBTC,1612234800000,2021-02-02 04:00:00,0.00011490,0.00011780,0.00011430,0.00011500,1225.93000000,0.00011464166666666667,4076.797500000001,False,False,False
FIROBTC,1612231200000,2021-02-02 03:00:00,0.00011200,0.00011610,0.00011200,0.00011580,1738.39000000,0.00011430833333333334,4078.6408333333343,False,False,False
FIROBTC,1612227600000,2021-02-02 02:00:00,0.00011180,0.00011470,0.00011040,0.00011200,2920.44000000,0.0001141,4407.785000000001,False,False,False
FIROBTC,1612224000000,2021-02-02 01:00:00,0.00011080,0.00011290,0.00011030,0.00011250,2376.01000000,0.00011412499999999998,4647.185833333334,False,False,False
FIROBTC,1612220400000,2021-02-02 00:00:00,0.00011030,0.00011170,0.00010960,0.00011090,661.54000000,0.00011439166666666666,4650.5375,False,False,False
FIROBTC,1612216800000,2021-02-01 23:00:00,0.00011280,0.00011340,0.00010860,0.00011060,3059.68000000,0.00011478333333333334,4673.335,False,False,False
FIROBTC,1612213200000,2021-02-01 22:00:00,0.00011360,0.00011470,0.00011280,0.00011280,1892.12000000,0.000115025,4650.7775,False,False,False
FIROBTC,1612209600000,2021-02-01 21:00:00,0.00011080,0.00011400,0.00011080,0.00011360,1399.78000000,0.00011498333333333334,4645.583333333333,False,False,False
FIROBTC,1612206000000,2021-02-01 20:00:00,0.00011040,0.00011190,0.00010990,0.00011080,1406.73000000,0.0001155916666666667,5650.995833333333,False,False,False
FIROBTC,1612202400000,2021-02-01 19:00:00,0.00011110,0.00011150,0.00010830,0.00011000,3319.42000000,0.00011592500000000001,5808.060833333333,False,False,False
FIROBTC,1612198800000,2021-02-01 18:00:00,0.00011370,0.00011920,0.00010870,0.00011070,18515.33000000,0.00011642500000000001,5890.678333333334,False,False,False
FIROBTC,1612195200000,2021-02-01 17:00:00,0.00011330,0.00011780,0.00011300,0.00011350,10406.20000000,0.00011638333333333333,4446.480833333334,False,False,False
FIROBTC,1612191600000,2021-02-01 16:00:00,0.00011170,0.00011380,0.00011170,0.00011330,1248.05000000,0.00011632500000000001,3803.0950000000007,False,False,False
FIROBTC,1612188000000,2021-02-01 15:00:00,0.00011280,0.00011360,0.00010960,0.00011170,5688.12000000,0.00011684166666666666,3843.644166666667,False,False,False
FIROBTC,1612184400000,2021-02-01 14:00:00,0.00011460,0.00011500,0.00011110,0.00011130,5793.25000000,0.00011746666666666668,3410.579166666667,False,False,False
FIROBTC,1612180800000,2021-02-01 13:00:00,0.00011540,0.00011610,0.00011310,0.00011460,2416.23000000,0.00011828333333333334,3002.1966666666667,False,False,False
FIROBTC,1612177200000,2021-02-01 12:00:00,0.00011510,0.00011640,0.00011460,0.00011530,935.11000000,0.00011906666666666667,3072.630833333333,False,False,False
FIROBTC,1612173600000,2021-02-01 11:00:00,0.00011370,0.00011630,0.00011310,0.00011630,2788.99000000,0.00011933333333333332,3068.5775,False,False,False
FIROBTC,1612170000000,2021-02-01 10:00:00,0.00011370,0.00011420,0.00011320,0.00011350,1829.79000000,0.00011974166666666666,3001.983333333333,False,False,False
FIROBTC,1612166400000,2021-02-01 09:00:00,0.00011400,0.00012130,0.00011350,0.00011370,13464.73000000,0.00012031666666666666,3150.245833333333,False,False,False
FIROBTC,1612162800000,2021-02-01 08:00:00,0.00011450,0.00011590,0.00011340,0.00011440,3291.51000000,0.00012024166666666667,2346.4683333333337,False,False,False
FIROBTC,1612159200000,2021-02-01 07:00:00,0.00011650,0.00011750,0.00011210,0.00011450,4310.83000000,0.00012064999999999999,2306.494166666667,False,False,False
FIROBTC,1612155600000,2021-02-01 06:00:00,0.00011690,0.00011870,0.00011600,0.00011600,1184.96000000,0.00012104166666666666,2091.8883333333333,False,False,False
FIROBTC,1612152000000,2021-02-01 05:00:00,0.00011610,0.00011710,0.00011600,0.00011620,2685.57000000,0.00012130000000000001,2415.2341666666666,False,False,False
FIROBTC,1612148400000,2021-02-01 04:00:00,0.00011900,0.00012000,0.00011610,0.00011610,1734.64000000,0.00012180833333333336,3051.7391666666667,False,False,False
FIROBTC,1612144800000,2021-02-01 03:00:00,0.00012110,0.00012110,0.00011860,0.00011900,491.34000000,0.00012189166666666666,3255.581666666667,False,False,False
FIROBTC,1612141200000,2021-02-01 02:00:00,0.00012480,0.00012480,0.00012110,0.00012210,892.66000000,0.00012186666666666667,3672.3875000000007,False,False,False
FIROBTC,1612137600000,2021-02-01 01:00:00,0.00011930,0.00012550,0.00011920,0.00012480,3261.44000000,0.00012175,3887.597500000001,False,False,False
FIROBTC,1612134000000,2021-02-01 00:00:00,0.00011800,0.00011960,0.00011680,0.00011930,886.47000000,0.00012141666666666669,3737.733333333334,False,False,False
FIROBTC,1612130400000,2021-01-31 23:00:00,0.00011990,0.00012120,0.00011780,0.00011780,1989.86000000,0.00012158333333333331,3918.1758333333332,False,False,False
FIROBTC,1612126800000,2021-01-31 22:00:00,0.00011870,0.00012110,0.00011800,0.00011990,3608.94000000,0.00012161666666666669,3854.2925,False,False,False
FIROBTC,1612123200000,2021-01-31 21:00:00,0.00011990,0.00012040,0.00011750,0.00011870,3819.40000000,0.00012169166666666665,3810.065,False,False,False
FIROBTC,1612119600000,2021-01-31 20:00:00,0.00012080,0.00012080,0.00011900,0.00011910,2811.82000000,0.00012186666666666667,3809.1374999999994,False,False,False
FIROBTC,1612116000000,2021-01-31 19:00:00,0.00012220,0.00012220,0.00012060,0.00012070,1735.56000000,0.00012200833333333332,3638.666666666666,False,False,False
FIROBTC,1612112400000,2021-01-31 18:00:00,0.00012080,0.00012180,0.00011930,0.00012160,5065.11000000,0.000122,3631.8266666666664,False,False,False
FIROBTC,1612108800000,2021-01-31 17:00:00,0.00011920,0.00012320,0.00011880,0.00012080,10323.63000000,0.00012200833333333334,3596.6633333333334,False,False,False
FIROBTC,1612105200000,2021-01-31 16:00:00,0.00011800,0.00012100,0.00011710,0.00011890,4180.75000000,0.00012202500000000001,2962.965833333333,False,False,False
FIROBTC,1612101600000,2021-01-31 15:00:00,0.00011970,0.00012080,0.00011520,0.00011710,5493.01000000,0.00012223333333333331,2730.4566666666665,False,False,False
FIROBTC,1612098000000,2021-01-31 14:00:00,0.00011790,0.00012340,0.00011790,0.00011970,3475.18000000,0.00012245833333333333,2421.4399999999996,False,False,False
FIROBTC,1612094400000,2021-01-31 13:00:00,0.00011990,0.00012150,0.00011740,0.00011790,1463.07000000,0.0001224083333333333,2163.9925,False,False,False
FIROBTC,1612090800000,2021-01-31 12:00:00,0.00012000,0.00012160,0.00011840,0.00011990,3051.78000000,0.00012254166666666663,2465.726666666666,False,False,False
FIROBTC,1612087200000,2021-01-31 11:00:00,0.00012160,0.00012160,0.00011960,0.00012060,1223.26000000,0.0001226083333333333,2650.2183333333332,False,False,False
FIROBTC,1612083600000,2021-01-31 10:00:00,0.00012020,0.00012200,0.00011990,0.00012070,3078.21000000,0.00012276666666666665,3013.9191666666666,False,False,False
FIROBTC,1612080000000,2021-01-31 09:00:00,0.00012230,0.00012250,0.00011590,0.00012060,3808.27000000,0.0001228916666666667,2883.4575000000004,False,False,False
FIROBTC,1612076400000,2021-01-31 08:00:00,0.00012080,0.00012250,0.00011960,0.00012130,766.17000000,0.00012293333333333336,2695.7425,False,False,False
FIROBTC,1612072800000,2021-01-31 07:00:00,0.00012100,0.00012210,0.00011980,0.00012120,1653.48000000,0.00012301666666666666,2779.7075000000004,False,False,False
FIROBTC,1612069200000,2021-01-31 06:00:00,0.00012180,0.00012190,0.00011930,0.00012080,4643.15000000,0.00012304166666666667,2859.154166666667,False,False,False
FIROBTC,1612065600000,2021-01-31 05:00:00,0.00012230,0.00012340,0.00011920,0.00012130,2719.26000000,0.00012317499999999997,3645.3724999999995,False,False,False
FIROBTC,1612062000000,2021-01-31 04:00:00,0.00012350,0.00012350,0.00011890,0.00012230,1390.64000000,0.00012337499999999998,3968.3683333333324,False,False,False
FIROBTC,1612058400000,2021-01-31 03:00:00,0.00012230,0.00012350,0.00012130,0.00012250,1784.81000000,0.0001235,4138.306666666666,False,False,False
FIROBTC,1612054800000,2021-01-31 02:00:00,0.00012150,0.00012280,0.00012150,0.00012230,385.81000000,0.00012389166666666666,4537.244166666666,False,False,False
FIROBTC,1612051200000,2021-01-31 01:00:00,0.00012030,0.00012310,0.00012010,0.00012150,5083.88000000,0.0001244583333333333,4996.609166666666,False,False,False
FIROBTC,1612047600000,2021-01-31 00:00:00,0.00012150,0.00012240,0.00012010,0.00012120,5265.68000000,0.000125325,5398.165,False,False,False
FIROBTC,1612044000000,2021-01-30 23:00:00,0.00012320,0.00012350,0.00011900,0.00012150,5587.67000000,0.00012576666666666664,5146.176666666666,False,False,False
FIROBTC,1612040400000,2021-01-30 22:00:00,0.00012210,0.00012350,0.00012150,0.00012180,1512.67000000,0.000126075,4902.259166666667,False,False,False
FIROBTC,1612036800000,2021-01-30 21:00:00,0.00012140,0.00012300,0.00012120,0.00012300,1555.69000000,0.0001264083333333333,4948.746666666666,False,False,False
FIROBTC,1612033200000,2021-01-30 20:00:00,0.00012240,0.00012350,0.00012130,0.00012130,1773.75000000,0.0001267583333333333,5290.415,False,False,False
FIROBTC,1612029600000,2021-01-30 19:00:00,0.00012130,0.00012240,0.00011920,0.00012220,2606.84000000,0.00012735833333333334,5477.776666666666,False,False,False
FIROBTC,1612026000000,2021-01-30 18:00:00,0.00012250,0.00012350,0.00011850,0.00012150,14077.77000000,0.00012814166666666663,5476.591666666666,False,False,False
FIROBTC,1612022400000,2021-01-30 17:00:00,0.00012440,0.00012580,0.00012200,0.00012290,6595.21000000,0.00012864999999999998,4595.003333333333,False,False,False
FIROBTC,1612018800000,2021-01-30 16:00:00,0.00012440,0.00012500,0.00012230,0.00012500,3429.90000000,0.00012941666666666665,5142.590833333334,False,False,False
FIROBTC,1612015200000,2021-01-30 15:00:00,0.00012530,0.00012820,0.00012360,0.00012400,6572.06000000,0.00013020833333333333,5157.951666666667,False,False,False
FIROBTC,1612011600000,2021-01-30 14:00:00,0.00012900,0.00012960,0.00012500,0.00012600,5898.19000000,0.00013055,5101.920833333333,False,False,False
FIROBTC,1612008000000,2021-01-30 13:00:00,0.00012760,0.00013350,0.00012580,0.00012800,9902.55000000,0.00013044166666666666,4669.814999999999,False,False,False
FIROBTC,1612004400000,2021-01-30 12:00:00,0.00012380,0.00012770,0.00012380,0.00012760,2241.82000000,0.000129825,4167.608333333333,False,False,False
FIROBTC,1612000800000,2021-01-30 11:00:00,0.00012540,0.00012720,0.00012390,0.00012400,2660.66000000,0.00012988333333333336,4312.422500000001,False,False,False
FIROBTC,1611997200000,2021-01-30 10:00:00,0.00012640,0.00012750,0.00012490,0.00012540,2070.52000000,0.00012978333333333336,4288.083333333333,False,False,False
FIROBTC,1611993600000,2021-01-30 09:00:00,0.00012720,0.00012720,0.00012250,0.00012540,5655.71000000,0.00012969166666666667,4423.940833333333,False,False,False
FIROBTC,1611990000000,2021-01-30 08:00:00,0.00012670,0.00013070,0.00012580,0.00012950,4022.09000000,0.00012952500000000002,4352.374166666667,False,False,False
FIROBTC,1611986400000,2021-01-30 07:00:00,0.00012620,0.00013180,0.00012620,0.00012670,2592.62000000,0.00012890000000000002,4842.129166666667,False,False,False
FIROBTC,1611982800000,2021-01-30 06:00:00,0.00012470,0.00012960,0.00012370,0.00012640,3498.71000000,0.000128,4993.6275000000005,False,False,False
FIROBTC,1611979200000,2021-01-30 05:00:00,0.00013000,0.00013500,0.00012310,0.00012470,13166.26000000,0.00012713333333333332,5088.455833333334,False,False,False
FIROBTC,1611975600000,2021-01-30 04:00:00,0.00013020,0.00013450,0.00012920,0.00013070,3614.23000000,0.00012574166666666668,5008.494999999999,False,False,False
FIROBTC,1611972000000,2021-01-30 03:00:00,0.00012830,0.00013230,0.00012680,0.00013230,5899.69000000,0.000124575,5010.242499999999,False,False,False
FIROBTC,1611968400000,2021-01-30 02:00:00,0.00012400,0.00012830,0.00012360,0.00012830,712.92000000,0.00012360000000000002,5276.149999999999,False,False,False
FIROBTC,1611964800000,2021-01-30 01:00:00,0.00012530,0.00012610,0.00012050,0.00012390,3876.07000000,0.00012348333333333337,5873.784166666667,False,False,False
FIROBTC,1611961200000,2021-01-30 00:00:00,0.00012520,0.00012840,0.00012520,0.00012580,3979.59000000,0.00012347500000000003,5918.991666666666,False,False,False
FIROBTC,1611957600000,2021-01-29 23:00:00,0.00012500,0.00012600,0.00012110,0.00012520,2368.59000000,0.00012419166666666667,5921.768333333333,False,False,False
FIROBTC,1611954000000,2021-01-29 22:00:00,0.00012440,0.00012640,0.00012250,0.00012540,3700.81000000,0.00012424166666666667,6644.45,False,False,False
FIROBTC,1611950400000,2021-01-29 21:00:00,0.00012060,0.00012520,0.00011920,0.00012440,4796.91000000,0.00012454166666666665,8561.3375,False,False,False
FIROBTC,1611946800000,2021-01-29 20:00:00,0.00011810,0.00012320,0.00011800,0.00012020,9899.15000000,0.00012619166666666667,8980.789166666666,False,False,False
FIROBTC,1611943200000,2021-01-29 19:00:00,0.00011900,0.00012100,0.00011580,0.00011810,4410.60000000,0.0001288333333333333,8897.163333333332,False,False,False
FIROBTC,1611939600000,2021-01-29 18:00:00,0.00011370,0.00011920,0.00011370,0.00011890,4636.65000000,0.00013208333333333334,10887.412499999999,False,False,False
FIROBTC,1611936000000,2021-01-29 17:00:00,0.00011830,0.00011830,0.00010900,0.00011580,12206.73000000,0.00013418333333333336,11720.783333333333,False,False,False
FIROBTC,1611932400000,2021-01-29 16:00:00,0.00011880,0.00012050,0.00011680,0.00011840,3635.20000000,0.00013626666666666668,12846.700833333336,False,False,False
FIROBTC,1611928800000,2021-01-29 15:00:00,0.00011490,0.00012060,0.00011400,0.00011940,9090.58000000,0.00013869999999999998,14855.591666666665,False,False,False
FIROBTC,1611925200000,2021-01-29 14:00:00,0.00012600,0.00012690,0.00011400,0.00011490,7884.53000000,0.0001444833333333333,24224.1675,False,False,False
FIROBTC,1611921600000,2021-01-29 13:00:00,0.00012340,0.00012600,0.00011790,0.00012600,4418.56000000,0.00014608181818181817,25709.58909090909,False,False,False
FIROBTC,1611918000000,2021-01-29 12:00:00,0.00012330,0.00013700,0.00012070,0.00012500,4012.91000000,0.00014808999999999997,27838.692,False,False,False
FIROBTC,1611914400000,2021-01-29 11:00:00,0.00011880,0.00012660,0.00011740,0.00012330,11040.77000000,0.0001493222222222222,30486.001111111113,False,False,False
FIROBTC,1611910800000,2021-01-29 10:00:00,0.00012890,0.00013000,0.00010880,0.00012040,26703.46000000,0.0001521625,32916.655,False,False,False
FIROBTC,1611907200000,2021-01-29 09:00:00,0.00014370,0.00014500,0.00012600,0.00012600,9830.33000000,0.00015532857142857144,33804.25428571428,False,False,False
FIROBTC,1611903600000,2021-01-29 08:00:00,0.00014280,0.00015490,0.00014140,0.00014490,8895.64000000,0.00015705000000000002,37799.90833333333,False,False,False
FIROBTC,1611900000000,2021-01-29 07:00:00,0.00014270,0.00016000,0.00013920,0.00014150,28293.59000000,0.00015748000000000002,43580.762,False,False,False
FIROBTC,1611896400000,2021-01-29 06:00:00,0.00013580,0.00014440,0.00013280,0.00014270,14637.10000000,0.00015685000000000002,47402.555,False,False,False
FIROBTC,1611892800000,2021-01-29 05:00:00,0.00013670,0.00014330,0.00012800,0.00013530,25717.74000000,0.000161,58324.37333333333,False,False,False
FIROBTC,1611889200000,2021-01-29 04:00:00,0.00014870,0.00014970,0.00013670,0.00013670,27741.89000000,0.00016985,74627.69,False,False,False
FIROBTC,1611885600000,2021-01-29 03:00:00,0.00013550,0.00019000,0.00013550,0.00014910,121513.49000000,0.00019,121513.49,False,False,False
